id	logFC	AveExpr	t	P.Value	adj.P.Val	B
DLST	-0.931970758730159	7.99296523308271	-18.2837484450928	3.09896495395109e-38	3.88858122421783e-34	75.9032743043433
PIP5K1A	-0.540086769841269	6.90475778947368	-13.1785023484358	5.87000557869711e-26	3.68284150007456e-22	48.3439603994169
LSP1	-1.10000543333333	11.5276705338346	-12.3806361133485	5.9802278884485e-24	2.14111271405284e-20	43.8163310843666
TRRAP	-0.893389041269838	7.40150365413534	-12.3578997364941	6.82535133583947e-24	2.14111271405284e-20	43.6868445629762
RALA	0.799145669841271	6.06569114285714	11.9125287606086	9.121669176178e-23	2.28917409645363e-19	41.1467148955267
PTK2B	-0.611492549206343	8.66800902255639	-11.853736620396	1.28490184654407e-22	2.68715806173917e-19	40.8109734656885
PIK3CD	-0.773172512698411	9.20587779699248	-11.7762116217754	2.01891158281907e-22	3.61904322017338e-19	40.3681433546951
RAB5C	-0.559009479365075	10.2049774210526	-11.5887203822566	6.0239520695449e-22	9.40947219032922e-19	39.2967602654313
CYTH1	-0.618580163492064	8.94092169924812	-11.5692340649185	6.74890418496677e-22	9.40947219032922e-19	39.1853837432672
NDRG3	-0.52311007460318	7.69784308270677	-11.5147759641429	9.27174076894335e-22	1.16341803168701e-18	38.8741034883842
CHD1	0.946027552380956	9.31009471428571	11.4462465158343	1.38272578588291e-21	1.57731301465989e-18	38.4823629969126
MYO9B	-0.699389196825392	8.38766667669173	-11.408755853016	1.72066352314715e-21	1.79924049070421e-18	38.2680431135492
PPP2R1A	-0.55594461111111	9.4350842556391	-11.3757246071483	2.08622229410564e-21	2.01368594972597e-18	38.0792132176981
PPM1A	0.892363688888889	9.01523135338346	11.3403378263054	2.56442906841198e-21	2.29846113931668e-18	37.8769164547048
CPSF7	-0.566354547619049	10.0098768496241	-11.2952049601225	3.33659723238352e-21	2.6104890970035e-18	37.6189056407264
MYH9	-0.945718403174601	10.906363075188	-11.2886007374416	3.46761366315353e-21	2.6104890970035e-18	37.5811517075001
FMNL1	-0.842392646031746	10.2074417669173	-11.2852188045788	3.53668430419665e-21	2.6104890970035e-18	37.5618184834797
CORO1A	-0.733334615873016	12.9228148571429	-11.2108521701387	5.4568248774812e-21	3.80401325347967e-18	37.1367056357899
ELMO1	-0.684676065079357	8.96515139849624	-11.1116724940331	9.72951642860249e-21	6.1042986073052e-18	36.5698129859539
CNOT3	-0.661197241269844	6.40148715037594	-11.0289887136501	1.57553022198356e-20	8.98625146611352e-18	36.0972935725607
BFAR	0.583739409523812	8.69906960150376	10.9133164996863	3.09165679211746e-20	1.55176437709959e-17	35.4364397579728
WDR1	-0.518250428571426	9.53007690225564	-10.8361460050462	4.84658633482661e-20	2.33903712805401e-17	34.9957084156025
ZNF91	0.948116022222219	8.62405078195489	10.8175425006606	5.40124128058815e-20	2.50365199617281e-17	34.8894831514068
MAP7D1	-0.627593747619049	10.3715016917293	-10.8117450164844	5.58672743806493e-20	2.50365199617281e-17	34.856381614412
ACLY	-0.541759831746031	8.5172609924812	-10.7795803324795	6.73760984150942e-20	2.69939940847072e-17	34.6727496125774
SRSF5	-0.622424223809523	9.02038239849624	-10.7764509612581	6.86151020937854e-20	2.69939940847072e-17	34.6548852116529
PSD4	-0.798476765079366	8.60569957894737	-10.7758882983006	6.88402781886062e-20	2.69939940847072e-17	34.6516732107137
SBNO2	-0.916380960317456	8.37090840601504	-10.7501017411647	7.99924579420722e-20	2.95219224193271e-17	34.5044787765039
CD3G	1.28274304761905	9.13341044360902	10.6964606277208	1.09310489427741e-19	3.8100778370536e-17	34.1983507220039
PSMA7	0.648683133333332	9.60518312781955	10.6580298602811	1.36708217629672e-19	4.63625598599224e-17	33.9790856110369
CAMLG	0.667693257142851	9.1667775037594	10.5819478961509	2.12823875710739e-19	6.84747177543167e-17	33.5451593177622
CNN2	-0.842744750793647	10.067205924812	-10.5674404314209	2.31559824818004e-19	7.26403170454079e-17	33.4624424701746
PXN	-0.895162663492052	9.1636062481203	-10.5503434811316	2.55765394182262e-19	7.82766869804641e-17	33.3649720790587
BBX	0.755478977777775	8.89581230827068	10.4531693028411	4.49937509285206e-19	1.2546257481135e-16	32.811214844116
UQCR11	1.21148565555556	10.0268183308271	10.4080769464942	5.84683604680709e-19	1.56098082373054e-16	32.5543976999489
TP53	-0.855369999999999	6.80508726315789	-10.3870402890997	6.60665901144329e-19	1.70464654429317e-16	32.4346203051051
STAT6	-0.677506385714285	10.2823591203008	-10.3836746762899	6.73705531191511e-19	1.70464654429317e-16	32.4154594162681
TET3	-0.677642520634915	6.92644953383459	-10.382263202329	6.79250296578408e-19	1.70464654429317e-16	32.4074238747439
PRKCD	-0.870559568253965	10.2154494360902	-10.2967522551541	1.11584216401946e-18	2.69261297579156e-16	31.9208034376787
RPL9	1.89195402857143	10.8857561353383	10.2439516066071	1.5157429151539e-18	3.58859284893418e-16	31.6205300146454
AKIRIN1	0.737662930158729	8.93836120300752	10.2061518418091	1.88717618432867e-18	4.3055066838102e-16	31.4056658980588
RNF19B	-0.708708869841262	9.33489645864662	-10.1139328235572	3.22014580491379e-18	6.73439826000971e-16	30.8818415630987
TLN1	-1.00453074285714	9.70462660902256	-10.1081585249868	3.3296472155211e-18	6.84924807546865e-16	30.8490606899363
APOBR	-0.997294638095239	8.99349660902256	-10.082500404802	3.86294089761871e-18	7.69399720370151e-16	30.7034260147771
LAMP1	-0.595986006349202	9.2675035037594	-10.0470704218195	4.74217957889827e-18	9.10826738347306e-16	30.5024012543005
ARHGEF11	-0.611173874603171	7.56701328571429	-10.0453087897807	4.7907686269463e-18	9.10826738347306e-16	30.492408305053
CREBBP	-0.707642501587301	8.14149416541353	-10.0393555262149	4.95867660494948e-18	9.28678716998598e-16	30.4586397442474
RAPGEF6	-0.958374426984125	8.56808796240601	-10.0200546355542	5.54448876680113e-18	1.02312125067383e-15	30.3491772443753
SRPR	-0.500198830158732	8.59212233082707	-10.016486547627	5.66011780133169e-18	1.02932113291464e-15	30.3289442506754
ARHGEF2	-0.61832326349206	9.49641890977444	-9.94066232813088	8.77443413623219e-18	1.55072675410481e-15	29.899204064589
DGKA	-0.818515893650796	9.37961738345865	-9.93442706933407	9.09635458878952e-18	1.56357612849494e-15	29.8638847353514
IRF2	-0.524318355555554	9.61192795488722	-9.9301747469201	9.32262975704623e-18	1.58081565123535e-15	29.8397993989797
BHLHE40	-0.626270203174604	7.8784919924812	-9.90586398589657	1.07283685041305e-17	1.79492757319772e-15	29.7021296110283
NFYC	-0.500533523809526	8.97642511278196	-9.90122479259974	1.10197320974828e-17	1.8194157678844e-15	29.6758635994144
UBE4B	-0.642077426984124	7.81366078195489	-9.88936106517369	1.18012403299039e-17	1.86779080738842e-15	29.6087018732895
PTPN6	-0.535390609523807	11.7538938496241	-9.88313418700943	1.22333094611797e-17	1.89510576689978e-15	29.5734554680563
UPF1	-0.547355585714286	8.48250868421053	-9.86370592753216	1.3685450452193e-17	2.09420771065997e-15	29.4635048178959
NUP93	-0.517115825396823	8.62276988721804	-9.84897101840339	1.4900369079689e-17	2.25264856881852e-15	29.3801361388461
INPP5D	-0.579826550793651	9.78217792481203	-9.83084588489792	1.65433315383099e-17	2.47125862074658e-15	29.2776108759063
RPL27	1.2357340015873	12.1199760150376	9.82009029717334	1.7602462252918e-17	2.56832205057692e-15	29.2167848041477
MRPL57	0.514535687301588	9.18288652631579	9.79234879874101	2.06569433513564e-17	2.94549233150932e-15	29.0599442784633
GLRX2	0.543096885714288	7.19589960902256	9.69578988926585	3.60344668636414e-17	4.91478793701057e-15	28.5145692413554
ICAM1	-0.575435841269842	6.95249872932331	-9.68491798430832	3.83622049579738e-17	5.15087863866205e-15	28.4532173487793
PDP1	0.940200969841272	7.36877506015038	9.68390565948042	3.85864354506083e-17	5.15087863866205e-15	28.4475052071881
GBF1	-0.594162103174603	7.45471827819549	-9.6743898904028	4.07591158629779e-17	5.38363564051208e-15	28.3938163125811
ITGB2	-0.546635573015873	12.7180470827068	-9.6637760141908	4.3326722465539e-17	5.60478055152148e-15	28.3339419948606
SVIL	-0.504408255555552	7.62383838345865	-9.65476955221536	4.56315585857747e-17	5.8427020115745e-15	28.2831438176125
TTBK2	0.873946946031746	5.61026918796992	9.63684320805116	5.05892045580331e-17	6.29446844634152e-15	28.1820592161778
ZNF148	0.663814669841273	9.79982744360902	9.63612168827846	5.07996162500519e-17	6.29446844634152e-15	28.1779913059284
OLA1	0.834359830158739	8.78308302255639	9.63487110630997	5.11663836090879e-17	6.29446844634152e-15	28.1709406773963
UBFD1	0.604001306349205	6.30209278947368	9.61836630208102	5.62615915602993e-17	6.85408204755957e-15	28.0779030462115
UTRN	-0.556275863492066	6.66917072180451	-9.60595963915909	6.04219837644056e-17	7.22503358770921e-15	28.0079844503613
RASA3	-0.792851946031742	6.27595396240601	-9.60585564328064	6.04581229446499e-17	7.22503358770921e-15	28.0073984394898
NADK	-0.599686073015871	9.56153190977444	-9.58457707159174	6.8324720848879e-17	8.01251025431527e-15	27.8875178049832
NDUFA4	1.7458818952381	8.34215311278195	9.57002773675914	7.4283072008104e-17	8.55141272988705e-15	27.8055752567093
VAMP2	-0.615883777777775	8.24344627819549	-9.56833251109787	7.50101737039076e-17	8.55661508760575e-15	27.7960290748941
MRPS15	0.615709890476196	6.80293736090226	9.54666747858995	8.49517999170062e-17	9.60338004827562e-15	27.6740547350365
G6PD	-0.88555400634921	9.86687857894737	-9.54162040819812	8.74503618916438e-17	9.79756375907452e-15	27.645646687818
ATP2A3	-0.667413952380956	8.76616487969925	-9.51847034375332	9.98828089619669e-17	1.08985172769979e-14	27.5153780542067
RPS10	0.798369260317459	10.643560887218	9.50703895297371	1.06656712210751e-16	1.15373140070733e-14	27.4510729892855
GALNT11	0.515423404761902	8.31381214285714	9.46324438385898	1.37122472240971e-16	1.43384398473308e-14	27.204845642582
GSN	-0.686011420634923	8.50210856390977	-9.42787849226255	1.67943145044838e-16	1.68588046721811e-14	27.0061611141963
SLC6A6	-0.598097138095234	6.41313069924812	-9.41651860562368	1.79239346236987e-16	1.78499628300136e-14	26.9423713886252
RPS10L	0.861555488888886	9.11711236842105	9.41100804280001	1.84988661726509e-16	1.81346697448769e-14	26.9114329303896
ABR	-0.533264153968247	8.31282190977444	-9.39784428010996	1.99477593163277e-16	1.93425101513991e-14	26.8375404448303
GSTO1	0.748808496825401	10.7256026240601	9.39704525449481	2.00392597998238e-16	1.93425101513991e-14	26.8330558934924
NTAN1	0.689708117460315	8.6746362406015	9.36718616223189	2.37756781976199e-16	2.26013037896769e-14	26.6655239506558
RNF44	-0.673160668253967	10.6915063082707	-9.36318867980853	2.43259711428125e-16	2.29505478120309e-14	26.6431029577411
UBL5	0.799663098412701	9.09888218796993	9.34910125698422	2.63683831756686e-16	2.45089238583918e-14	26.5641047205723
GANAB	-0.529218960317458	9.37037816541353	-9.3358528892328	2.84447610334672e-16	2.62444751064666e-14	26.4898331179691
ARID3A	-0.705025884126982	8.36899872932331	-9.32399871954954	3.04403266222743e-16	2.78806728800218e-14	26.4233952917307
RPLP0	0.67539005873016	12.9081860075188	9.31868134619004	3.13802138953213e-16	2.8533255359311e-14	26.3935990514909
CXorf21	0.529729600000003	7.37213019548872	9.29140390304247	3.66759298554713e-16	3.28721119876038e-14	26.2408020726102
TRANK1	-0.699155125396823	9.86453815789474	-9.27584659404423	4.0085744881367e-16	3.54222483641826e-14	26.1536972500199
DENND1B	0.825949273015871	8.77650741353384	9.27041039784583	4.1350242422495e-16	3.62841148194033e-14	26.1232672354606
RBM41	0.516195901587299	6.2698917518797	9.26379632145717	4.29424259330087e-16	3.74195528199578e-14	26.0862487948114
ZFP36	-0.53274474920635	11.4328703759398	-9.24620962700833	4.74793967493694e-16	4.10876876145577e-14	25.9878441295554
RBX1	1.1567907047619	8.67404045112782	9.24059422406185	4.90262944793804e-16	4.1849111777365e-14	25.9564318755431
PRPF8	-0.586436593650784	10.1930523834586	-9.22249938620816	5.43607256348391e-16	4.57797574004e-14	25.8552375600852
CCDC15	0.55489260952381	6.1253415037594	9.20993142056265	5.84023268834166e-16	4.85469260260106e-14	25.7849765659921
FAM63B	0.506849617460317	5.76327521052632	9.20987733078797	5.84203524858751e-16	4.85469260260106e-14	25.784674221913
ADAM8	-0.761249134920634	8.71291248120301	-9.19354829003119	6.41233973533214e-16	5.29355519729919e-14	25.6934175328442
SIRPA	-0.575836799999996	8.94271085714286	-9.10255739589243	1.07685590525515e-15	8.55214423996308e-14	25.1855488830923
ATP6V1G1	1.01014142857143	9.7143492406015	9.09785962892003	1.10603422285553e-15	8.72862731345358e-14	25.1593584389527
RPS15A	1.51993276825396	11.7278207894737	9.08120497304325	1.21596687338815e-15	9.41848909091021e-14	25.0665318154839
NOTCH1	-0.575705868253964	9.68612759398496	-9.07249762701697	1.27770582756772e-15	9.82655927981737e-14	25.0180157151207
ARHGAP17	-0.501904492063487	9.20856980451128	-9.05173418432696	1.43781574893897e-15	1.06127717751095e-13	24.9023674678825
CD48	0.851050644444449	11.2902863759398	9.04410938545576	1.50149935725897e-15	1.10180198449623e-13	24.8599140688789
LY96	1.30998196984127	7.98165992481203	9.03187374539166	1.60961386340375e-15	1.16748177791851e-13	24.7918056104513
RSRC1	0.752362612698417	6.50979319548872	8.98553818338423	2.09407274262201e-15	1.47620363901241e-13	24.5340778962837
LYRM2	0.870575474603175	5.59921087218045	8.97575698222098	2.21358775702399e-15	1.55173738408586e-13	24.4797127208386
SMURF2	0.615638957142856	7.51210193233083	8.97091855447045	2.27519415821556e-15	1.58038399760533e-13	24.4528253061705
ARHGDIA	-0.581347865079357	8.27765423308271	-8.94385878930503	2.65256368963013e-15	1.79915509067453e-13	24.3025164730982
RAPGEF1	-0.502487130158733	6.03505667669173	-8.93939070857544	2.72060901710414e-15	1.83538720143133e-13	24.2777081124534
SLC26A2	0.742061180952382	8.13866856390977	8.93818726972701	2.73923161981574e-15	1.83806836178866e-13	24.271026706094
PRKCSH	-0.538128553968257	9.52250641353383	-8.91950939717663	3.04507578726026e-15	2.03242611587988e-13	24.16735640086
CD37	-0.678877771428574	11.6487057669173	-8.91238394549193	3.17051023717843e-15	2.10495039450343e-13	24.1278209321903
EVI2A	2.1559596015873	7.71258713533835	8.88770592021548	3.6460304930142e-15	2.36116017271657e-13	23.9909550449273
CD52	1.23150013015874	10.397051518797	8.87888804250535	3.8326282489827e-15	2.46624714196076e-13	23.9420731987922
COX6A1	0.641070698412697	10.7874833609023	8.8642732120202	4.16305516008225e-15	2.62502593712121e-13	23.8610824785041
LSM14B	-0.506637596825395	7.05635231578947	-8.82265534658471	5.26755861658349e-15	3.19310751308645e-13	23.6306326679373
RPS21	0.720243425396824	9.74299709022556	8.82123497824911	5.31000838472194e-15	3.20336467362937e-13	23.6227725197203
RPL35	1.23610798095239	10.938442481203	8.8063878513172	5.77463434192799e-15	3.46664485219895e-13	23.5406295710751
MRPS31	0.748799807936508	7.61885879699248	8.80543586180219	5.80576972570109e-15	3.46664485219895e-13	23.5353638146448
NCOA6	-0.612240715873012	9.13340877443609	-8.8047194061482	5.8293119526138e-15	3.46664485219895e-13	23.5314009667573
LGALS3	0.756425533333335	12.6266186541353	8.7823568842985	6.61387195859835e-15	3.86004024820893e-13	23.4077513374373
CYTH4	-0.549079560317461	9.65244307518797	-8.7773467491172	6.8035753394572e-15	3.95237330368097e-13	23.3800597801084
NDUFA7	0.56072550952381	8.19245459398496	8.77610884879718	6.8512752451203e-15	3.96174201731657e-13	23.3732184008021
PI4KA	-0.540845973015868	8.96087595488722	-8.77063871761958	7.06607087981259e-15	4.04863275798577e-13	23.3429901675654
TMBIM4	0.531720087301585	10.3804308045113	8.76174123974634	7.42985146926503e-15	4.23771710165171e-13	23.2938326834983
PLEC	-0.81659831111111	7.69876266917293	-8.75566104631497	7.68910380368322e-15	4.3657409288967e-13	23.2602478217943
ANKFY1	-0.546982303174604	7.03097646616541	-8.75173976111811	7.86105694995147e-15	4.41998969349673e-13	23.2385912403714
NANS	0.503021247619051	8.35974397744361	8.73315712196976	8.7294056797347e-15	4.76246010736135e-13	23.1359970975036
AGO3	0.698488411111112	7.97260565413534	8.71724812096763	9.54821421972562e-15	5.16382353746076e-13	23.0482096700718
IGF2R	-0.840376163492063	10.1715615338346	-8.71649997785551	9.5885470531428e-15	5.16382353746076e-13	23.0440823857352
SCAF11	0.68571676031746	9.85253166917293	8.71018165004224	9.93600251599597e-15	5.32807519532981e-13	23.0092297893717
LGALS1	0.611017768253973	11.4204637593985	8.70393985005532	1.0291544582021e-14	5.49524686873191e-13	22.9748059279481
COPG1	-0.615299615873015	8.03967239849624	-8.70092940135312	1.04675203214361e-14	5.56552733022798e-13	22.9582054925279
PNP	0.800069717460316	9.77388357894737	8.69929384694218	1.05643782492421e-14	5.59332566546372e-13	22.9491872417066
CCNL2	-0.502570604761909	8.76601920300752	-8.68845285251976	1.12293155862606e-14	5.89562560570704e-13	22.8894227625564
PTPN4	0.852574161904768	8.90301190977444	8.68607397660297	1.13807057661765e-14	5.9072444482907e-13	22.8763111134647
FAU	0.627973065079367	12.3951500601504	8.67348273868996	1.2216467455971e-14	6.21783588055685e-13	22.8069280761135
HIST1H4J	0.752496407936507	6.61253723308271	8.67314881095358	1.22394442341213e-14	6.21783588055685e-13	22.8050883624472
DDX21	-0.757586573015875	9.65838552631579	-8.66461064194613	1.2841761755811e-14	6.49751719806117e-13	22.7580553867563
KLHDC10	0.580587209523813	7.98177040601504	8.6442412761059	1.44004310739576e-14	7.19906809227173e-13	22.6459003885969
ZNF22	0.967588741269846	7.19407910526316	8.63842112597544	1.48793948120517e-14	7.3345607927562e-13	22.6138674979659
RHOB	-0.55126456031746	9.6852645037594	-8.62881101466038	1.57051721415223e-14	7.57955769353163e-13	22.5609883866661
SLC25A36	0.835543125396823	8.30453314285714	8.60863131768645	1.75904654949431e-14	8.42462446681471e-13	22.4500034437469
PLXDC2	0.740455398412703	6.5286502406015	8.59985689552996	1.8478886861751e-14	8.81646662894492e-13	22.4017680204385
GTPBP8	0.58572538095238	8.01243813533835	8.58392101992625	2.02080497656499e-14	9.56870220601416e-13	22.3141991149392
FLJ10038	0.565117899999999	6.06665690225564	8.56784017996097	2.21160204924487e-14	1.02402887505257e-12	22.2258796854329
SPI1	-0.711992731746024	9.99237130075188	-8.53919742258364	2.59686388153049e-14	1.17213841674261e-12	22.0686832255851
CLPTM1	-0.511061476190473	8.70296432330827	-8.5111370347395	3.03887014003422e-14	1.36117235704456e-12	21.9148282942403
MRPL13	0.990587563492065	5.69090409774436	8.50641674520266	3.12024901305908e-14	1.38840016368317e-12	21.888961250346
COX20	0.581412714285715	8.47298954887218	8.49983600562455	3.23733049290816e-14	1.43540717402868e-12	21.852905898974
CSF3R	-0.672855777777778	12.2992387293233	-8.46426840074323	3.94996190132314e-14	1.73909199781764e-12	21.658173955695
GCHFR	0.515125444444447	7.49004063909774	8.43336096540034	4.69457045605128e-14	2.03832076410143e-12	21.4891505940511
SLC16A7	0.805103253968253	6.69172930075188	8.42457952468004	4.93050861094415e-14	2.12604886770197e-12	21.4411608965545
GPR171	0.83139806984126	9.36580451879699	8.39498636871558	5.81583212632877e-14	2.45714011855803e-12	21.2795469995694
LPAR6	1.4239612063492	6.98131977443609	8.34922684465891	7.50533065091797e-14	3.10814815206992e-12	21.0299829407514
UGCG	0.601125322222225	7.36819795488722	8.29885923777378	9.93295100715077e-14	4.04671004018597e-12	20.7557700682713
NGRN	0.510301092063495	9.04728103007519	8.28838004132523	1.05286599933478e-13	4.25052128495528e-12	20.6987834971965
SREK1IP1	0.900524128571429	6.60977563909774	8.28785389086286	1.05594884719184e-13	4.25052128495528e-12	20.6959228476634
CTSO	0.531328160317461	8.29330922556391	8.28690623800277	1.06152402479759e-13	4.25559216075405e-12	20.6907706570587
HNRNPA0	-0.514142907936513	9.20682569172932	-8.28560190866051	1.06924544083277e-13	4.27289547502217e-12	20.6836795918234
RPL30	0.841350415873015	12.8655714210526	8.27673149393385	1.12325770840591e-13	4.46032839401184e-12	20.6354643065645
EID1	0.745386703174606	7.52156204511278	8.27307354546242	1.14631270013244e-13	4.53751790576084e-12	20.6155861788675
RPL39	1.42062156666666	12.0419727518797	8.27107237578123	1.15912382169073e-13	4.55946260644992e-12	20.6047125323585
SH2B2	-0.608829230158724	9.25316829323308	-8.2234478710725	1.50971429156631e-13	5.82889074786895e-12	20.3461832341819
MTMR3	-0.55379065873016	8.08997110526316	-8.19815255364544	1.73687976154771e-13	6.58440098123886e-12	20.2090613598497
IGFBP7	0.507800211111117	6.87139101503759	8.19658591529127	1.75201615444021e-13	6.62177671864932e-12	20.2005733275561
ZMIZ1	-0.731218841269838	9.45798881954887	-8.18631080135088	1.85459100672346e-13	6.90546230040535e-12	20.1449158291635
TMEM260	0.723996996825397	8.85839322556391	8.17263882665332	2.00037948281648e-13	7.40435449863754e-12	20.0708934998443
HGS	-0.518566165079362	9.08021766165414	-8.14942921462462	2.27438588192803e-13	8.32040642753146e-12	19.9453250543421
COX7A2	1.26981562539683	9.56655790225564	8.14484217123628	2.33279660223908e-13	8.50928248979535e-12	19.9205220894126
SPIN1	0.704496726984128	6.74070105263158	8.12917619510978	2.5437459234508e-13	9.19853713183303e-12	19.8358479475058
RORA	0.868993326984125	6.9405804962406	8.11134054181519	2.80704968496452e-13	1.00636741276957e-11	19.7395122658605
SNORA21	0.746455422222224	6.79145862406015	8.10534449001661	2.90151081695472e-13	1.02884406952852e-11	19.707141553436
RPS29	0.926654247619048	11.9419921428571	8.09959842655853	2.99499337193947e-13	1.05565103458136e-11	19.6761279137977
FAM169A	0.761209187301587	5.30852668421053	8.09704169593988	3.03754436403131e-13	1.06765004705504e-11	19.6623306428703
HAX1	0.551529012698413	9.55967515789474	8.08883265613129	3.1782646197659e-13	1.11088758910369e-11	19.6180407874383
C11orf73	0.719045130158731	6.32512736090226	8.07142817743405	3.49838221026e-13	1.20598076852589e-11	19.5241889500957
PDCD10	1.29743527936508	7.93069645112782	8.06994928768417	3.52701518409364e-13	1.20920728224063e-11	19.5162173193591
FKBP1B	1.01460797619048	8.14727057894737	8.05800371401659	3.76698873584652e-13	1.27751823398384e-11	19.4518453644407
ATP6V1A	-1.04677677777778	9.12348748872181	-8.05732751943413	3.78104739566717e-13	1.27882972293347e-11	19.4482024689646
EHBP1L1	-0.582528441269842	8.80116721052632	-8.055326859479	3.82294859907712e-13	1.28589938674842e-11	19.4374248225406
RTP4	0.627923312698414	7.44204911278196	8.0464222631227	4.01510604970471e-13	1.33638065548262e-11	19.3894663400867
VAMP8	0.649533630158725	10.3784469323308	8.03937643888828	4.17392180119863e-13	1.38190951877151e-11	19.3515315985882
MPC2	0.64534594920635	8.81295298496241	8.03804931967292	4.20452613337726e-13	1.388378787411e-11	19.3443876472533
CKS2	1.00381605396825	5.43182812781955	8.03317422865264	4.31887372297426e-13	1.42239442193913e-11	19.3181482232772
ZFP36L2	-0.640271152380949	10.1824415639098	-8.03097027103448	4.37157682166336e-13	1.42850380099562e-11	19.3062875406342
ATP5E	0.816969769841272	11.1970663909774	8.02861913031272	4.42850345386045e-13	1.4433470477673e-11	19.2936360089373
STIP1	-0.763078590476187	7.87439616541353	-8.02680726658305	4.47287445147278e-13	1.45403182945804e-11	19.2838871984416
CD6	-0.634485999999999	8.38706428571429	-8.0241287021971	4.53927989881626e-13	1.47180579251541e-11	19.2694764433231
C14orf2	1.13256124126984	7.84267716541353	8.01385345942535	4.80322116374677e-13	1.53833153682087e-11	19.2142105866735
PIK3R1	0.684889760317459	8.09807840601504	8.00028862594631	5.17512463658003e-13	1.64139970345027e-11	19.1412887068102
PRDX4	0.901542495238099	8.23939666917293	7.99943447130951	5.19947685725402e-13	1.64340140062528e-11	19.1366983603653
CRBN	0.663725088888887	9.33480867669173	7.99805769534458	5.23896882626337e-13	1.64758347949756e-11	19.1292997289925
RPL41	1.05022830634922	13.0335662481203	7.98945947029187	5.49242789860739e-13	1.71867793695076e-11	19.0831038153932
ATP5L	0.722935374603185	9.60250041353383	7.98649615464739	5.58257113752156e-13	1.74253986650797e-11	19.0671867045786
NDUFA6	0.69976004920635	7.79465512781955	7.98155448291743	5.73617297688425e-13	1.78604214674798e-11	19.0406476221854
ACTN1	-0.552499558730156	10.4257430601504	-7.97197766826898	6.04588925010024e-13	1.87318069901871e-11	18.989231863682
UBA1	-0.612282890476191	10.9199413233083	-7.96116813566111	6.4154482084485e-13	1.97791263193149e-11	18.9312236893924
RPS27L	1.26115094603175	6.75667633834586	7.95395606354213	6.67439813452111e-13	2.04269140956027e-11	18.8925361484423
PTCD2	0.591613620634922	7.52609238345865	7.94821370320898	6.88797361850615e-13	2.08787405398688e-11	18.8617413052973
POLR1D	0.780164047619049	11.1677617518797	7.94812066637266	6.89148918885531e-13	2.08787405398688e-11	18.8612424360362
RPS27	1.01470337619048	12.7168216466165	7.93685283545801	7.33070155047403e-13	2.21119334267664e-11	18.8008387649151
LSM1	0.682015792063494	8.21648433082707	7.9222244571507	7.94258247089126e-13	2.38429485274506e-11	18.7224650857688
FLOT2	-0.645499414285711	10.2442238947368	-7.9181859156415	8.12025890797092e-13	2.41505285926317e-11	18.700836987442
COX7C	1.17073958730159	8.29539228571429	7.91496040253839	8.26499434272994e-13	2.45175293173937e-11	18.6835657990828
TIMM8B	0.832602534920633	8.42071008270677	7.91223789973329	8.3891487972614e-13	2.47687150842438e-11	18.6689899441732
HIGD1A	0.665750809523816	7.90085506766917	7.90095684861399	8.92362624039844e-13	2.61620705758223e-11	18.6086118973673
FCGR1B	1.02360045873016	9.38673521052632	7.89630381163204	9.15379907826761e-13	2.67120629846749e-11	18.5837169865397
HBD	1.14928088095238	12.6213690075188	7.89149753696655	9.39773769920078e-13	2.72339059236885e-11	18.5580076949464
RPS18	0.698234179365084	12.9881578796992	7.88986565026921	9.48202092124177e-13	2.73518157516648e-11	18.5492798216307
MYC	-0.604027304761898	9.78463465413534	-7.85869105702106	1.12440838227609e-12	3.19209872868788e-11	18.3826717690662
LONRF1	0.573978496825396	7.36553840601504	7.85823431951098	1.12721782204382e-12	3.1928508422135e-11	18.3802325623047
ZNF271	0.759135726984121	7.24376670676692	7.85047255975797	1.17604003444371e-12	3.32363746671164e-11	18.3387886943305
METTL9	0.689113652380954	10.8934043007519	7.84153998074151	1.23482776162376e-12	3.46635766283108e-11	18.291111546361
PAK1IP1	0.506179293650791	5.6893405037594	7.84007179878446	1.24476537886262e-12	3.48645445847503e-11	18.2832770847134
TMEM259	-0.652842058730155	6.04616164661654	-7.82568876703405	1.34641340654736e-12	3.70499899678867e-11	18.206554988262
INPP4B	0.624530317460318	6.7605069924812	7.80744909082109	1.48723476268069e-12	4.06572334433112e-11	18.1093345108424
SOWAHC	0.536877226984126	5.48778883458647	7.80474122984534	1.50935083666031e-12	4.10831546603332e-11	18.0949082303499
ZNF430	0.664613358730161	7.36280806015038	7.79507067024472	1.59102975626157e-12	4.31193118392445e-11	18.043402751924
OGDH	-0.515482561904763	9.0409930075188	-7.78139683584371	1.71405400347599e-12	4.61543983596926e-11	17.9706158467828
AHSP	1.2937013968254	10.9156663609023	7.76576068786698	1.86633004271794e-12	5.00399772991981e-11	17.8874411774162
RPL15	0.568047284126987	10.8418966992481	7.75216433664331	2.00959799974288e-12	5.37663874216921e-11	17.8151673618953
CD244	0.5178460968254	8.42483746616541	7.73770087471709	2.17398610747907e-12	5.77948679589987e-11	17.7383360102993
RPS7	1.65626530793651	9.67570593233083	7.73312634725167	2.22870375476338e-12	5.9124259439262e-11	17.7140468146493
NME6	0.516748996825401	7.81218533082707	7.72305350050904	2.35404982558093e-12	6.2064765135939e-11	17.6605823610021
NDUFB1	0.721965157142862	8.35153094736842	7.71104972124429	2.51258055783988e-12	6.56830434161975e-11	17.5969031130621
PSMB7	0.549363580952386	9.72609791729323	7.68941869356697	2.82543569918601e-12	7.29497266530577e-11	17.4822462903536
NFAT5	0.883302809523809	6.99574483458647	7.68859951300507	2.83801389908091e-12	7.31240213668733e-11	17.4779065596661
ULK1	-0.501887644444446	8.38280105263158	-7.68483323211679	2.89656177741965e-12	7.43273153027847e-11	17.4579563838017
DNAJC15	1.05998894444445	6.84086118796992	7.67933883524532	2.98412764346509e-12	7.64180278983673e-11	17.4288589488281
BCOR	-0.545718099999993	5.84742423308271	-7.67780174207885	3.0090911350436e-12	7.68994588103356e-11	17.4207201685251
ATRAID	0.517390047619052	10.458557075188	7.67742847768917	3.01518439071446e-12	7.68994588103356e-11	17.4187438581691
DENND3	-0.539484330158727	9.36155446616541	-7.6657102231433	3.21282293025782e-12	8.13549533598476e-11	17.3567182227645
DRG1	0.579693996825398	9.03610670676692	7.64552697587192	3.58378692344946e-12	8.99233757936407e-11	17.2499716367545
CCNT1	0.723066906349206	7.49446860902256	7.64076502695186	3.67732499024637e-12	9.15537182095465e-11	17.2248020425614
RPL34	1.34587977777778	8.82138371428571	7.616239081493	4.19878900102589e-12	1.02702542660571e-10	17.0952643032171
GZMK	0.871870190476191	9.72357914285714	7.61483011202927	4.23087854522647e-12	1.03286116703311e-10	17.0878274935798
GYPA	0.840195566666667	6.06939509774436	7.60904450210725	4.3652149319763e-12	1.0615255226054e-10	17.0572955328512
PSMC2	0.544372763492067	8.69833163157895	7.60583526872473	4.44154427817834e-12	1.07591694213478e-10	17.0403635719273
ZWILCH	0.689516257142856	5.5297850075188	7.57565199301995	5.22735820900791e-12	1.25656878939907e-10	16.8812524227866
TMEM14B	0.706182938095239	8.7096869924812	7.5594162674883	5.70551947845381e-12	1.36367349363121e-10	16.7957682892173
CHCHD2	0.661022590476193	11.3148297218045	7.55111858944136	5.96638122054483e-12	1.41256889727163e-10	16.7521073345634
ARL4A	0.550933688888889	7.80205292481203	7.54496553163809	6.16741933282191e-12	1.45467627421521e-10	16.7197432231606
MRPL11	0.57279086825397	8.04038905263158	7.54176507646563	6.27462629698529e-12	1.46891811146588e-10	16.7029134580071
NDUFB6	0.553155546031745	9.6187987518797	7.53518128229207	6.50100652482093e-12	1.50620344780192e-10	16.6683011130533
HMBS	0.745208385714287	9.23797579699248	7.51933082870588	7.07975044599147e-12	1.63003135039084e-10	16.5850212812979
RSL24D1	1.40239439523809	6.38476664661654	7.51458635342017	7.26270770214577e-12	1.66300102639644e-10	16.5601069161411
MSL2	-0.589198350793657	9.15206339849624	-7.49940572785601	7.8801580562483e-12	1.78075572237991e-10	16.4804320449279
CCDC53	0.575153192063495	7.88238442857143	7.49300063159461	8.15602124175129e-12	1.83608909060822e-10	16.4468345164574
MS4A4A	1.21306752857143	6.06845387969925	7.47927323499933	8.77988499396551e-12	1.95683831091082e-10	16.3748671644583
FLNA	-0.648806488888889	10.5734523609023	-7.47161910005416	9.14803061196743e-12	2.02908100478234e-10	16.3347626172346
LITAF	-0.528826842857134	12.6223116541353	-7.47152739039448	9.15253306269367e-12	2.02908100478234e-10	16.3342821964302
METAP2	0.642507480952379	6.95463245112782	7.46727658395697	9.36365118186274e-12	2.05770744360794e-10	16.312016971893
XK	1.63316845396825	7.82176580451128	7.4517683530418	1.01755887443946e-11	2.20905341807376e-10	16.2308301693147
SMC5	0.548809982539688	6.31883810526316	7.43960324228022	1.08609702025921e-11	2.34971472589872e-10	16.1671928229604
MXD1	-0.848641642857142	7.29732536090226	-7.42832871417908	1.15369081231086e-11	2.47461748938062e-10	16.108252060381
PPA2	0.869420642857144	8.05493581203008	7.39592388373521	1.37204090095993e-11	2.93294194637908e-10	15.9390506484787
COX7B	1.27104143174603	6.96741328571429	7.38630644241091	1.44438920767202e-11	3.07189758946924e-10	15.8888919015096
HINT1	1.15367125555555	8.76635269924812	7.3811952231309	1.48436320412497e-11	3.15157182493402e-10	15.8622458552945
RPL31	0.9235880968254	7.98042303007519	7.37274933218109	1.55283105263819e-11	3.28029024385589e-10	15.8182320847721
LOC100129361	0.5297923968254	7.95408756390977	7.37125957946446	1.56522827999843e-11	3.30092175754963e-10	15.8104707575079
ZNF136	0.590095203174604	6.78425696240602	7.36232017175749	1.64170418440662e-11	3.43335068432238e-10	15.7639118355754
RPL24	0.84773961428572	11.7405437443609	7.35881996839099	1.67264588481768e-11	3.48065680973337e-10	15.7456882048946
MRPL33	0.548909696825401	8.53723772932331	7.33915448504965	1.85753046729795e-11	3.82103152518928e-10	15.6433681035377
CR2	-0.572094126984128	6.30914966917293	-7.33861926497437	1.86283540840031e-11	3.82567245574585e-10	15.6405849375395
TMA7	0.628445307936508	9.54904832330827	7.33274206818058	1.92208421022298e-11	3.93447188741891e-10	15.6100288716722
IGSF6	0.703186395238092	9.4083770075188	7.32703014863281	1.98145323970957e-11	4.03624598244736e-10	15.5803419377002
APBB1IP	-0.92554257142857	8.91633818796993	-7.31875696588904	2.07067590326357e-11	4.21115741234219e-10	15.5373604229273
GLRX	0.78519305873016	8.68634177443609	7.31459657242099	2.11703523186134e-11	4.29847218275018e-10	15.5157537311892
PTER	0.754831007936509	7.97724154135338	7.29865837769016	2.30433774172486e-11	4.63378685627621e-10	15.433027902473
MED13	0.508137392063498	9.7261012406015	7.29357294837849	2.36748384639547e-11	4.7455570774074e-10	15.4066484834412
PFDN5	1.12153747142857	9.68338902255639	7.27391421050724	2.62810733352194e-11	5.19330564110761e-10	15.3047470304756
CNIH4	1.09371167777778	6.77726937593985	7.26816749907787	2.70952090591931e-11	5.34576546029489e-10	15.2749809573973
TFDP2	0.515548992063491	6.40958979699248	7.25584374652902	2.89262108550659e-11	5.67134521577136e-10	15.2111818615978
GRN	-0.50189827301587	11.4593853157895	-7.25051600384833	2.97552008308698e-11	5.82477784751566e-10	15.1836149053886
HMGB1	0.659572144444448	10.0382269323308	7.24071731190993	3.13417068682607e-11	6.11626341808609e-10	15.1329369223796
MRPL15	0.858399214285718	7.53608963157895	7.23677823827223	3.20028163941387e-11	6.21627461476243e-10	15.1125726761081
RWDD1	0.890959012698416	7.04570481203007	7.21859776647702	3.52373854232769e-11	6.78157534189078e-10	15.0186450729915
STAT3	-0.538148244444443	11.2274776691729	-7.21696996695928	3.55423036077987e-11	6.82978293523213e-10	15.0102401855958
FIS1	0.667164512698415	10.8834419473684	7.20171240826581	3.85302772650125e-11	7.32542301699055e-10	14.9315001028998
SDF4	-0.576945350793649	8.78451920300752	-7.18449531559721	4.22011906803948e-11	7.95105916903294e-10	14.8427343912866
SLIRP	0.798111142857146	6.59127635338346	7.17890633123499	4.34656462903491e-11	8.16477439597756e-10	14.8139393285021
TXNDC9	1.06445885714286	6.67614607518797	7.15094558567953	5.0376511200592e-11	9.36480685251893e-10	14.670029912675
TRAK2	0.755443087301591	8.72483903759398	7.12705755607199	5.7133942333577e-11	1.05428927706136e-09	14.547278015482
CKLF	0.646106106349208	8.77386206766917	7.12490971714698	5.77837415100217e-11	1.06315306226943e-09	14.5362499513941
COX6C	0.701018217460318	8.5510584962406	7.11518925737507	6.0817107237483e-11	1.10759515474011e-09	14.4863587504798
PLEKHA1	0.533936698412699	9.00921533082707	7.11321041323533	6.1453648711394e-11	1.11756577395735e-09	14.4762058460293
COMMD8	1.26914184920635	5.95815433082707	7.09401769968243	6.79795485964161e-11	1.22207360428056e-09	14.3777985648421
XAF1	0.808661469841271	7.67775188721805	7.09368754741713	6.80976015110744e-11	1.22244449751211e-09	14.3761068043243
STX8	0.579373112698418	8.56159137593985	7.08939717975131	6.9650271466733e-11	1.23792012232941e-09	14.3541253759323
SRRM2	-0.579342938095243	8.76236147368421	-7.08255571448806	7.21988876349353e-11	1.27959271475024e-09	14.3190858662297
GNA13	-0.622509325396826	5.77820933834586	-7.07359884486979	7.56753764766612e-11	1.33554799441511e-09	14.2732349375775
THOC7	0.626184412698416	8.04754547368421	7.06581316644527	7.88313948762335e-11	1.38153120517734e-09	14.2334005958466
LEPROT	0.529886692063489	9.34476866917293	7.05633373071333	8.28500962591474e-11	1.44389306647192e-09	14.1849270322901
LTBP3	-0.680145936507935	7.83572153383459	-7.04309187270831	8.88049094651345e-11	1.53219819032542e-09	14.1172632975692
DPM3	0.510361893650796	7.93639730075188	7.02003991170326	1.00197177535378e-10	1.71057712069921e-09	13.999608931115
ETFA	0.584648092063494	8.98431317293233	7.01193600681881	1.04535983925592e-10	1.77259125175449e-09	13.9582892655928
ACTN4	-0.561101423809525	9.28809512781955	-6.98901237449115	1.17840376000653e-10	1.96892282031451e-09	13.8415258045423
POLR2K	0.986740085714284	5.51412445864662	6.98841644078966	1.18207681365275e-10	1.97243349171738e-09	13.8384927005442
SSR2	0.517577209523814	11.2536778195489	6.98494082604958	1.20372537663186e-10	1.9952900959018e-09	13.8208053436254
RPS24	1.26555856984127	10.3083889022556	6.97762806495749	1.25056192258617e-10	2.05932427882038e-09	13.7836039968359
CLIC1	0.795373014285722	11.8752233759399	6.97653060444921	1.25774460385263e-10	2.06573027344802e-09	13.7780225613626
CD7	-0.598899393650793	9.43664815789474	-6.96664828472153	1.3242865085263e-10	2.16651200899453e-09	13.7277815320013
CREG1	0.866219134920639	9.46982417293233	6.96436956404462	1.34011697206939e-10	2.18955569863629e-09	13.7162013311154
ALG5	0.568742866666664	8.43315639849624	6.95796314783032	1.38563163090779e-10	2.25218985811281e-09	13.6836540180347
HOPX	0.744167053968262	9.13041347368421	6.94594661006833	1.4751610775654e-10	2.38535067026942e-09	13.6226422708357
TPRKB	0.592746450793651	6.51095987969925	6.91795053859986	1.706519385352e-10	2.71399306050657e-09	13.4806874118254
C11orf57	0.607891460317461	6.76476955639098	6.91440579835309	1.73825897568075e-10	2.75748086306474e-09	13.4627327617119
TSPAN5	0.912231461904765	10.7877142030075	6.9006391154888	1.86715191458969e-10	2.93596769727713e-09	13.3930432258552
TLE3	-0.527837092063487	8.89571063909774	-6.89103554305655	1.96261225931902e-10	3.07451418600937e-09	13.3444666837655
RPL6	0.525250417460319	12.0625118421053	6.88757967764393	1.99813032748156e-10	3.12235857400232e-09	13.3269940880065
ACP1	0.567735565079365	8.7590672556391	6.87351475385297	2.14935192590378e-10	3.32553242493719e-09	13.2559254580786
MRPL19	0.566333423809526	5.86835612781955	6.86129664148066	2.28985401147733e-10	3.51690185263372e-09	13.1942442254731
UFL1	0.853618474603175	6.59980427819549	6.84060388119647	2.54878498689778e-10	3.84863465891617e-09	13.089898656323
OPTN	0.523816866666666	9.17527013533835	6.83954418020529	2.56279662566071e-10	3.86101351986759e-09	13.0845590238375
THRAP3	-0.516297336507932	6.63346806766917	-6.8395185116487	2.56313696369916e-10	3.86101351986759e-09	13.0844296897255
SNRPD2	1.19527504761905	9.43819622556391	6.83338561069354	2.64574516838494e-10	3.97114956613567e-09	13.0535349516991
CCDC59	0.516979931746035	7.01578352631579	6.83243523881725	2.65877948262131e-10	3.98118913459811e-09	13.048748595777
ISCA1	0.88734905555555	8.21447926315789	6.81938279927469	2.84434045115642e-10	4.2438506517373e-09	12.9830447561029
MRPS33	0.693915747619052	7.33336376691729	6.80852171061174	3.00844977076683e-10	4.4727520999505e-09	12.9284176020898
POMP	0.586266028571428	9.99874621052632	6.80595172382619	3.04862950320834e-10	4.52177340499506e-09	12.9154976456602
TRIAP1	0.630126966666667	7.50265539097744	6.80353894561877	3.08683335874754e-10	4.56763973886369e-09	12.903370144205
CCDC176	1.11622107142857	7.06007420300752	6.80111415501337	3.1257035296033e-10	4.61773988623996e-09	12.8911843426777
ANXA1	1.11222832857143	9.89117104511278	6.79832464539849	3.17101823149974e-10	4.67018037193177e-09	12.877168222856
KIF1B	-0.538128711111108	7.73255618796992	-6.78698288204622	3.36203638501559e-10	4.92806904017702e-09	12.8202090758452
RNF24	-0.617410442857141	10.1783921353383	-6.78184156397687	3.45232622288516e-10	5.03718481915849e-09	12.7944040942
AP1S2	0.619017606349209	8.79008210526316	6.76803477237211	3.70681085081273e-10	5.38969438655831e-09	12.725152628113
CCNB1IP1	0.521520669841269	7.74798243609023	6.73178994794859	4.46634014131462e-10	6.39038039831424e-09	12.5436833398473
GZMA	0.904684092063492	9.47700845864662	6.72268934696275	4.6800077858542e-10	6.65059317065668e-09	12.4981933509697
MCUR1	0.511707520634921	7.85303468421053	6.71876204128875	4.77530141039186e-10	6.76303409679426e-09	12.4785717327938
CLEC2B	0.989480879365081	7.01451418796993	6.69520840610371	5.38833031514726e-10	7.55449930664446e-09	12.3610109906505
FLI1	-0.716470538095235	8.91415962406015	-6.66683982376739	6.23042963947134e-10	8.62445896051178e-09	12.2196880137829
BLVRB	0.589475461904765	12.5961883383459	6.6580277573243	6.51751731506256e-10	8.96730342866283e-09	12.1758496414647
PTGDR	0.51309473015873	6.07831369924812	6.63793940656603	7.22165458008296e-10	9.83901429651259e-09	12.0760216257998
SERPINE2	-0.511285514285714	5.9311615037594	-6.60958180978601	8.34497655453306e-10	1.12112168957474e-08	11.9353564818478
CA1	0.741307063492065	7.33813883458647	6.60638533286888	8.48193178435551e-10	1.1383024602149e-08	11.9195195915362
ITM2A	0.752035130158736	9.24282980451128	6.60428842446136	8.57297668260876e-10	1.14929178860443e-08	11.9091325846639
MYL12B	0.517422325396828	10.3921132857143	6.60267016854791	8.64389733787121e-10	1.1548920215727e-08	11.9011177091568
COPS2	0.936772585714287	6.06417363157895	6.6011637809161	8.71043508350015e-10	1.16151476543847e-08	11.8936577807055
ZBTB38	0.61953551904762	8.36414256390978	6.58974713844562	9.23140101827626e-10	1.21932231555085e-08	11.8371481725154
PDIA3	-0.522913817460315	9.83594851879699	-6.58220057424365	9.59251026511037e-10	1.26435734040551e-08	11.7998215867611
SNAPC1	0.550718677777777	5.26747144360902	6.57242263959311	1.00811707378202e-09	1.31769302518925e-08	11.7514904059062
CD3E	-0.518678163492064	10.6686092706767	-6.5716625847435	1.01201671221537e-09	1.32141370498215e-08	11.7477350666504
USP1	0.84388633015873	8.2326942556391	6.5712922978526	1.01392193910813e-09	1.3225252070612e-08	11.7459056034714
ARL6IP5	0.552729046031757	10.7401528496241	6.56985911459981	1.02132944426041e-09	1.33080393214741e-08	11.7388252182809
C3orf14	0.609932917460321	5.57485672180451	6.5246322111522	1.28457674587683e-09	1.63976286950789e-08	11.5157933701638
GYPB	0.88069545079365	7.70240684210526	6.52156913629664	1.30464824809946e-09	1.6620026616398e-08	11.5007165576262
CDC37	-0.598154163492065	9.27735179699248	-6.51931479512476	1.31961748101088e-09	1.67936715534732e-08	11.4896227422481
TRAT1	1.05192394920635	6.42234297744361	6.5086171484745	1.39299116835788e-09	1.76024704738718e-08	11.4370054678061
CXCR2	-0.500573373015872	11.8791319172932	-6.49061311493158	1.5256589231468e-09	1.90487245449215e-08	11.348551393785
ZBTB18	-0.510110363492063	7.6103444962406	-6.48873327946864	1.54020897078278e-09	1.91365542967337e-08	11.3393230108285
CLIC2	0.833154341269839	5.40337344360902	6.48192689394752	1.59404371615743e-09	1.97258979786425e-08	11.3059210224
GNG11	0.731971225396824	9.01069804511278	6.48061324326138	1.60464539204162e-09	1.98375274673283e-08	11.2994764327091
RPL7	1.20075219047619	11.156117075188	6.47939815243391	1.61451348538139e-09	1.99398771796907e-08	11.2935159649338
NUP153	-0.518641861904765	8.8878435037594	-6.47566588212333	1.64519970308429e-09	2.02789448667011e-08	11.2752114179134
ZYX	-0.596278219047621	11.4796075488722	-6.46041014309007	1.77671786697176e-09	2.17717341745719e-08	11.2004479575101
TEFM	0.510518446031749	6.59104845864662	6.45870085293149	1.79208375292141e-09	2.19172192316353e-08	11.1920769736864
BRD1	-0.502193322222224	8.39698923308271	-6.45691653796516	1.80826374798141e-09	2.2093567195395e-08	11.1833397942819
TNFSF10	0.624087092063496	9.5648382556391	6.4520690026972	1.85295084966155e-09	2.25955561336765e-08	11.1596094059219
HK2	-0.634409687301586	8.01157689473684	-6.44817009344267	1.88968090211335e-09	2.2998754568107e-08	11.1405295988484
FPR2	-0.862605604761898	10.0032696691729	-6.44643397950231	1.90626603855018e-09	2.31781262129144e-08	11.1320356358829
NDUFB2	0.709535295238092	8.48539081954887	6.44174666090147	1.95176364753554e-09	2.36854257729942e-08	11.1091088092243
RPS17	1.05989283333333	10.9336598571429	6.38723851976348	2.56615821819143e-09	3.03488721223997e-08	10.843137381629
ATP5C1	0.836829952380949	8.92032143609022	6.38524677502504	2.59189334213017e-09	3.05955575325017e-08	10.8334412003984
SAR1B	0.800908622222225	5.9627774887218	6.3758491568764	2.7167882690452e-09	3.19197183520404e-08	10.7877133958208
CGRRF1	0.661523492063492	6.04171548120301	6.35104195341879	3.07565245371007e-09	3.57676431780852e-08	10.6671755276679
IGHM	-0.590845755555554	8.9436502481203	-6.34021511252163	3.24654002348862e-09	3.7650262675356e-08	10.6146462912847
AZI2	0.50798985714286	6.5270145112782	6.33135223367968	3.39335781253557e-09	3.92441049140058e-08	10.5716812681433
UQCRQ	1.20896381269842	7.29087204511278	6.3156221404899	3.67019663524998e-09	4.21736514460776e-08	10.4955047583001
SOD1	0.540182190476191	10.6128059398496	6.29320228487771	4.10356354396304e-09	4.68530621925826e-08	10.3871071429079
PPBP	0.886099969841275	11.1782974210526	6.2876040576899	4.21940422700086e-09	4.80881782383349e-08	10.360072641838
PJA2	0.6747392936508	9.64126615037594	6.27933825315652	4.39634922921268e-09	4.98403902363622e-08	10.3201797975608
NBEAL2	-0.506930447619046	9.76908097744361	-6.2771538039494	4.44431847506822e-09	5.02861210326024e-08	10.3096418271392
AGPAT5	0.587256922222223	7.31902293984962	6.26710832005168	4.67162422107584e-09	5.24714127889491e-08	10.2612070503067
CD3D	0.705247822222226	10.4654146992481	6.25257595032638	5.020830886934e-09	5.60012319726648e-08	10.191212862504
KIAA0247	-0.573619415873011	10.5780799172932	-6.25132823841285	5.0519830772079e-09	5.62270839646459e-08	10.1852074483726
GLRX5	0.805207533333334	12.0131453909774	6.24726249708606	5.1548194217293e-09	5.71906932836951e-08	10.1656429742468
AKR1C3	0.987601292063492	5.85548623308271	6.2352016144302	5.47214744799873e-09	6.03297023701362e-08	10.1076463441745
COPS5	0.55176015873016	8.22833463909774	6.21950017496969	5.91419177539075e-09	6.41966076103833e-08	10.032235049558
FOS	-0.742595450793649	9.34691279699248	-6.21790354324236	5.96106236911993e-09	6.46494473705418e-08	10.0245725184024
VRK1	0.642483195238094	6.72788309774436	6.21443143205913	6.06425407297257e-09	6.56550993163587e-08	10.0079129266023
PYROXD1	0.758415628571431	7.49197154887218	6.19015856563056	6.83637447106589e-09	7.3068847413062e-08	9.8915913481417
RPL11	0.51326628730159	11.5534219924812	6.18536169178221	7.00002412002424e-09	7.47543001345227e-08	9.86863312713932
COMMD3	0.532643604761914	8.35125540601504	6.18471057464478	7.02253240558622e-09	7.49308984908979e-08	9.86551758324868
C9orf78	0.651269973015872	8.46076622556391	6.17593026668933	7.3330967620462e-09	7.79133769434003e-08	9.82352214702014
VTI1B	0.518235146031749	9.93087802255639	6.1693082134751	7.5762178311147e-09	8.00896220259707e-08	9.79187121298419
MRPL22	0.601870296825395	6.66605515789474	6.16667066759424	7.67524388386284e-09	8.09318993737067e-08	9.77926995087924
SEP15	0.568707838095241	9.57373867669173	6.16513036058035	7.73366176388767e-09	8.14794188188601e-08	9.77191228493806
UBE2W	0.761816626984125	6.41838470676692	6.15173306580987	8.26055415878635e-09	8.63059397039559e-08	9.70795959928373
NDUFA5	0.625119442857144	5.14815080451128	6.14311428594504	8.61800517731059e-09	8.97416837882932e-08	9.66685815075815
ATG2B	-0.591522533333331	5.85990268421053	-6.14116917177357	8.70075499493819e-09	9.05282534630882e-08	9.6575866648628
BPGM	1.25188837460318	9.05064087218045	6.13882333274622	8.80159203750247e-09	9.13501876646658e-08	9.64640727240526
ITGA6	-0.549712271428579	6.81875746616541	-6.13750900619582	8.85859018518353e-09	9.18657765650272e-08	9.64014472015455
ZBTB44	0.518387966666671	8.47453853383459	6.13252654461803	9.07797708886394e-09	9.39855251741458e-08	9.61641087002923
MYL6B	0.502585257142861	6.73992927067669	6.12620172897845	9.36417559984879e-09	9.66296672918607e-08	9.58629819266163
PSMA2	0.857229836507933	7.49858166165414	6.12168042686253	9.57418199359653e-09	9.8472816111188e-08	9.5647827167958
KTN1	0.672976782539686	7.54373476691729	6.12133444671621	9.59044147717172e-09	9.85503251857646e-08	9.56313666913325
ICT1	0.522793049206352	7.12131745864662	6.11832110963621	9.73320681396353e-09	9.98628610806332e-08	9.54880250120392
PSMD14	0.509827579365082	7.88181993984962	6.11046149429787	1.01154799106122e-08	1.03194343023059e-07	9.51143356998602
ACAT1	0.62184743968254	7.29832558646617	6.0881136658522	1.128487585999e-08	1.14011773181284e-07	9.40532659548751
COMMD10	0.571774333333334	7.3291222406015	6.08046172447513	1.17150360380568e-08	1.18072507795612e-07	9.36904547546165
IGK	-0.545426280952383	7.12797634586466	-6.07188081009463	1.22165969512089e-08	1.22733273453778e-07	9.32839021836605
TBPL1	0.5473397952381	8.44811648120301	6.06673796393642	1.25272485606141e-08	1.25552647714525e-07	9.30403957642752
NR1D2	0.868573892063493	7.76736009022556	6.06424245175709	1.26807725331031e-08	1.26989891257285e-07	9.29222787364004
SNX4	0.620942230158727	5.65179268421053	6.0395384165486	1.43038262860168e-08	1.4154922100705e-07	9.17544745145013
CD69	0.851278757142859	4.84059916541353	6.02323482675532	1.54849897281138e-08	1.51919977410768e-07	9.09852545548729
USP12	0.5083251015873	6.70560408270677	6.00374588424652	1.70230640307195e-08	1.65617106437288e-07	9.00672991299355
SNX3	0.553863247619047	10.5947417819549	6.00370668012885	1.70263043755261e-08	1.65617106437288e-07	9.00654542728684
BCL6	-0.698758869841267	10.621328443609	-6.00161973493604	1.71996740323701e-08	1.67044512196734e-07	8.99672572823935
CAPZA1	0.750461387301581	10.6784633759398	5.95948301393532	2.10951196473536e-08	2.0129396299239e-07	8.79887849749333
DNAJB14	0.931393163492064	8.07427286466165	5.95710673971311	2.1338905322917e-08	2.03156740509835e-07	8.78774488603599
PMAIP1	0.706208634920637	5.92254897744361	5.95672602120404	2.13782199883496e-08	2.0337672813784e-07	8.7859613347014
C12orf29	0.869282044444445	5.88919256390977	5.93817802119407	2.33821425311622e-08	2.20009214506413e-07	8.69914921742065
S100A12	1.04636392222223	10.8760363458647	5.93155067424537	2.41419545792765e-08	2.26576848212985e-07	8.66816850716458
NUP37	0.577262628571433	7.50360229323308	5.91900507445365	2.56472018969942e-08	2.39094420062023e-07	8.6095767605644
SUZ12	0.744922561904758	9.30971917293233	5.90498145247108	2.74389117963488e-08	2.54098498317775e-07	8.54416747561121
SS18L2	0.52494033809524	8.40034186466165	5.89951367411391	2.8170285402744e-08	2.60295096637431e-07	8.51868900374168
RMDN1	0.512680625396825	6.62591279699248	5.89208884894566	2.91941304050514e-08	2.68765919532344e-07	8.48411320790587
TNFAIP6	1.01319471111111	8.00388769172932	5.88475276443319	3.02415610045832e-08	2.77594080091814e-07	8.44997561424078
CMC2	0.518205920634921	7.25875946616541	5.88403524397565	3.03459646159715e-08	2.78145481374149e-07	8.44663805200698
ATP5J	0.640043063492056	8.47956256390978	5.87664880388892	3.14415017236871e-08	2.87347387930682e-07	8.41229369595169
TANK	0.505532177777781	7.94628007518797	5.85997197423437	3.40596070812014e-08	3.0768837578582e-07	8.33484522450301
FECH	1.03499388888889	9.32298859398496	5.83946148512827	3.75740297461766e-08	3.35333517251084e-07	8.23977027895856
MKRN1	0.551834457142855	11.8881079022556	5.83282653346747	3.87852555586389e-08	3.44428440728805e-07	8.20905645744046
MXI1	0.638860142857137	12.1845126090226	5.82311031265581	4.06283381223927e-08	3.59523544964587e-07	8.16411634634573
UQCRB	0.742786501587304	6.19965053383459	5.81587895588714	4.20555341005893e-08	3.71890656726001e-07	8.1306981472863
HIRA	-0.587365938095237	7.36250284210526	-5.80843331216668	4.35763588953888e-08	3.83716597487255e-07	8.09631535941881
ADPRM	0.560718438095239	6.49919444360902	5.7808496008537	4.96948752883343e-08	4.33474187063824e-07	7.96916621799947
SGK1	-0.534026415873015	10.3049423383459	-5.76546293245974	5.34658182287224e-08	4.61409275883087e-07	7.89839694281359
GNG10	0.755358469841271	9.39247510526316	5.74124836245325	5.9975081013991e-08	5.11950555485414e-07	7.78725330144395
MTHFD2	0.839082861904761	7.27353808270677	5.72987377857326	6.3294844716211e-08	5.37000481067624e-07	7.73514146254075
SEC62	0.586156485714286	8.97945598496241	5.72379189865613	6.51430678603775e-08	5.51562223692319e-07	7.70730327623624
IL7	0.51588198095238	4.63598930827068	5.69595221605031	7.43005365266997e-08	6.17841704663372e-07	7.58010232513042
NUCB1	-0.635780350793647	9.03527041353384	-5.69036494751587	7.62847423891507e-08	6.32246332562129e-07	7.55461900593098
PLEK2	0.75937785714286	9.06893584210526	5.68882702108239	7.68399522125508e-08	6.36427538193457e-07	7.54760724185422
RNASE6	0.52668081111112	10.353163887218	5.66773333313938	8.48662946238978e-08	6.97381967872082e-07	7.45155236916545
MANSC1	-0.513332753968259	8.56046997744361	-5.66738620065488	8.50050186904129e-08	6.98064773905302e-07	7.44997343742993
MRPL3	0.916164804761905	8.03062081203008	5.66373188176148	8.64789252961373e-08	7.08776978847767e-07	7.4333553441498
RGCC	0.554200133333335	10.1767178045113	5.65654507522442	8.94509477011583e-08	7.32656978951785e-07	7.40069223996667
RNASE2	0.894504249206346	9.3958935037594	5.64514787995112	9.43702960833018e-08	7.69933989111359e-07	7.34894535466952
GPR183	0.728771549206352	7.93427219548872	5.64011954896951	9.66239479390595e-08	7.86786047202672e-07	7.32613540995353
NAT1	0.693764304761906	6.21420234586466	5.63923492307607	9.70258414040747e-08	7.89546211373755e-07	7.32212378025985
ALPL	-0.700942252380955	9.12333454887218	-5.63602783613893	9.84966137070334e-08	7.99958258120295e-07	7.30758340859331
CLC	1.05707761428572	10.6391033533835	5.61624820651968	1.08061890591196e-07	8.71439976309981e-07	7.21801810576848
GTF2H5	0.82008630793651	7.09370143609023	5.60925239375716	1.11657993802523e-07	8.96981117947542e-07	7.18638624633052
MYL4	0.662144493650802	10.0111608796992	5.60283671535595	1.15058655255172e-07	9.23117650985869e-07	7.15739881150196
ANAPC10	0.51920375079365	4.72791476691729	5.59979251603996	1.16707494733249e-07	9.34553697455528e-07	7.14365160106314
DPM2	0.544809957142862	10.2024116541353	5.55625307007432	1.42978651264472e-07	1.13263643691073e-06	6.94753862614251
NAA15	0.731602926984128	7.55967104511278	5.5517826055946	1.4598298128368e-07	1.15424981042698e-06	6.92745621474049
ZNF217	-0.572324750793651	9.13658738345865	-5.53042962980146	1.61206021828803e-07	1.26346855834343e-06	6.8316722761493
BCL2A1	1.16014510317461	6.80309893984962	5.51948904222874	1.69596455580128e-07	1.32344298794742e-06	6.78268483510656
TMCO1	0.669049723809531	6.95250962406015	5.5049911308373	1.81375463887602e-07	1.40835354013714e-06	6.71786264578584
RPF1	0.535496758730158	8.83141466917293	5.49954312332813	1.8600538381169e-07	1.43718938181594e-06	6.69353145547352
MCTS1	0.797361412698416	7.58384134586466	5.49013570387713	1.94273546595936e-07	1.49463179809062e-06	6.65155284639102
KRR1	0.55884365079365	6.60809487218045	5.4761082854508	2.07273222362941e-07	1.58203430304755e-06	6.58904240567911
EMG1	0.585922831746034	7.90525669172932	5.47344273541543	2.09837834817639e-07	1.59772157238576e-06	6.577175289255
ZCCHC10	0.843663933333334	5.20111131578947	5.46280008563291	2.20390075415995e-07	1.66493357394335e-06	6.5298301817867
SRRD	0.662501384126983	9.49220881203007	5.44777124908123	2.36178955718508e-07	1.76824196679943e-06	6.46307175632341
SLPI	0.862751534920642	8.46538340601504	5.44391687358265	2.40403083316277e-07	1.79665151247924e-06	6.44596928616546
TTC33	0.69422320793651	4.91062669924812	5.43542162439597	2.49975534923643e-07	1.86264430654505e-06	6.40830161861698
PRKAR1A	-0.607882747619044	9.86542847368421	-5.4331290138483	2.52622005441571e-07	1.87790339116163e-06	6.39814264910822
ATP5O	0.578398788888896	8.33766881203008	5.42551417558792	2.61610060635032e-07	1.93668615979255e-06	6.36441946343645
BNIP3L	0.616158363492062	11.6184065263158	5.42525812276047	2.61917653411713e-07	1.93781999705789e-06	6.36328602627293
SNRPG	0.912814633333333	7.40893056390977	5.42329684154789	2.64285456680072e-07	1.95188576246118e-06	6.35460539465905
PPIG	0.518112726984127	6.84019363909774	5.37225939523041	3.33804100257014e-07	2.41694971149741e-06	6.12941803977325
HBQ1	0.672292782539683	10.5957913383459	5.37157663311613	3.34845604355753e-07	2.42169604810143e-06	6.12641479318747
COPS4	0.736145312698414	7.99163820300752	5.36507799409858	3.44918907604737e-07	2.49167671423387e-06	6.09784167421406
IRS2	-0.534339420634922	9.73939321804511	-5.34665174894023	3.75115995855093e-07	2.68968886627983e-06	6.01694635457434
FCRL2	-0.507604277777778	6.1547074887218	-5.31208012759117	4.38885587177374e-07	3.09563594598184e-06	5.86565391391099
RPL26L1	0.621249338095236	6.7277292406015	5.31113402828664	4.40771633236413e-07	3.10719238980365e-06	5.86152251802802
S100A8	0.589838046031749	9.89732547368421	5.30636323701475	4.50403284548689e-07	3.1667928340978e-06	5.84069684933323
CYP4F3	-0.64624634126984	9.58882461654135	-5.30050112655106	4.62519555324763e-07	3.24524571259365e-06	5.81512393226264
PPA1	0.519903636507935	9.26342027067669	5.29610569878136	4.71812325210472e-07	3.30373942898493e-06	5.79596132395048
UCHL3	0.62488243015873	6.97814061654135	5.28626894357389	4.93273669500079e-07	3.43866555827055e-06	5.75311377777383
EIF3E	0.888913061904764	10.3148286466165	5.24938690795196	5.82546991884216e-07	3.99442604052631e-06	5.5929234576994
YPEL5	0.616548455555561	10.4698060601504	5.24874180018916	5.84240808230706e-07	4.0038523548219e-06	5.5901280764031
RPS27A	0.623749198412691	11.2701660676692	5.24525078057076	5.93490553496472e-07	4.0523401451187e-06	5.57500469274252
RPA3	0.674614541269844	7.22775358646617	5.24521849469232	5.93576760179166e-07	4.0523401451187e-06	5.57486485843462
TAX1BP1	0.610485171428574	7.84201527067669	5.23773437157177	6.13892982218413e-07	4.1683599247168e-06	5.54246538382146
TMEM106B	0.688665425396829	7.26895609022556	5.23293418026672	6.27278508689385e-07	4.24886361916206e-06	5.52170088175526
ABCG2	0.691870534920632	6.0257587518797	5.22181471063408	6.59387425137805e-07	4.42549835137339e-06	5.47364871796998
CCT2	0.722178571428573	7.85305555639098	5.2131561476872	6.85493872921863e-07	4.58750779595922e-06	5.43627780115957
SLC14A1	0.713178022222222	6.66761491729323	5.15505962993747	8.88612469632011e-07	5.78635665227944e-06	5.18659063411845
MRPL40	0.572063074603176	7.19886979699248	5.15392094925753	8.93128285433904e-07	5.81274570831153e-06	5.18171536493439
MGAM	-0.690665207936499	9.6096515037594	-5.12327409383845	1.02341848964928e-06	6.57881926645451e-06	5.05077041055715
EIF1AX	0.57578058730159	7.46676554135338	5.11366295097894	1.06796185703914e-06	6.82668638926495e-06	5.00981232763151
SSB	0.529769301587305	7.07080921804511	5.11014354144485	1.08474008289878e-06	6.91983658373866e-06	4.99482717194034
RECQL	0.590676346031749	6.63677754135338	5.10429188131825	1.11320632936049e-06	7.07983427309451e-06	4.96992692419968
OSBPL8	0.723694368253971	10.6973522330827	5.09884486526035	1.14035648586593e-06	7.23051702104381e-06	4.94676573381547
DYNLT3	0.799112525396827	6.93067757142857	5.09430472709603	1.16347772206913e-06	7.34741744163233e-06	4.92747335348221
NME1	0.560549330158729	7.65992194736842	5.09335593697142	1.16836685175157e-06	7.37087343176403e-06	4.92344312381662
EML4	-0.566461626984128	7.87691257142857	-5.08200086085213	1.22845323083676e-06	7.73861709956619e-06	4.87524869129353
PIGK	0.769801444444448	5.82359335338346	5.08199065808211	1.22850854816193e-06	7.73861709956619e-06	4.87520542014151
SNCA	0.679271923809534	11.3189060150376	5.07237452128456	1.28173707286527e-06	8.04966806321994e-06	4.8344482657847
ZNF292	0.765384112698413	7.15919090225564	5.07082538335377	1.29051925889873e-06	8.09671783033065e-06	4.82788724560306
RNF11	0.892660822222222	8.74826983458647	5.04997317583161	1.41458206652562e-06	8.82654190490475e-06	4.73970419074455
NXT2	0.521530165079366	6.03328605263158	5.04534559701009	1.44364733371559e-06	8.98555890052737e-06	4.72016768020513
ZNF654	0.78466938730159	7.17040444360902	5.03534918803311	1.50842911642253e-06	9.35628697620857e-06	4.67800668904873
SNAP23	-0.656159533333334	8.18888506766917	-5.02495072165373	1.57881311971921e-06	9.74948180425033e-06	4.63421016445708
PADI2	-0.512418687301585	10.3186928270677	-5.00462487458402	1.72572696121116e-06	1.05837839243781e-05	4.54877902146372
RPL37	0.619359395238098	12.502599962406	4.97267440847187	1.98388642363042e-06	1.20376241990882e-05	4.4149663630267
DYSF	-0.510411123809515	10.9566918045113	-4.96092975499386	2.08791046588337e-06	1.2607844333929e-05	4.36592570411418
CRIPT	0.538444922222223	6.00639484210526	4.94531756442591	2.2344221467642e-06	1.33894599319948e-05	4.30085911976206
SRSF11	0.561197193650795	7.5956460075188	4.94212933969487	2.26554605082523e-06	1.35630113767915e-05	4.28758896236431
GPR18	0.564634036507934	8.59452330075188	4.92897013356551	2.39852135170319e-06	1.43249147649555e-05	4.23287955034657
DNAJB9	0.501359107936514	6.33302027819549	4.92111365599435	2.48149172749031e-06	1.47572313727717e-05	4.20026418898926
ZNHIT3	0.703571536507939	7.14456572932331	4.90812925972873	2.62476019229406e-06	1.54917642958165e-05	4.14643958345022
TSPO2	0.562021515873012	6.9414704962406	4.89913331876437	2.72869422194273e-06	1.60674120586285e-05	4.109206133843
CHI3L1	-0.618519531746031	8.7727830075188	-4.89442792736378	2.7846372350658e-06	1.63737713334609e-05	4.08974975802377
PPID	-0.662561322222224	7.47080059398496	-4.87805496707193	2.98810361221585e-06	1.74882108797036e-05	4.02215012874116
NRIP1	0.683561990476192	7.15943427819549	4.84841900098006	3.39365645448526e-06	1.96872867271757e-05	3.90019198164056
ATP5F1	0.695536206349214	10.2410010526316	4.84634362077863	3.42397495629411e-06	1.98539915672728e-05	3.89167078026646
IFI27	1.34832501428571	7.62505431578947	4.82531340233948	3.74639095914672e-06	2.15739852020987e-05	3.8054677560048
STAG2	0.572058288888886	9.58957927819549	4.82195591454164	3.80051707492993e-06	2.18355715458886e-05	3.79172968481647
OXR1	0.83151067777778	6.92037870676692	4.81781126298279	3.86837902627609e-06	2.21645753523801e-05	3.77477996496736
VAMP7	0.647004895238092	8.67968208270677	4.81484588819498	3.91765141631097e-06	2.24200391377587e-05	3.76265921866488
FKBP5	-0.625173687301587	6.85281909022556	-4.80497340414083	4.08611384962129e-06	2.32212665693152e-05	3.72234394087848
CETN2	0.519116958730161	8.45077757894737	4.78983069793468	4.3582255790464e-06	2.46560029602679e-05	3.66062025534444
ERH	0.576238447619051	9.49804306015038	4.78935720443891	4.36701115019723e-06	2.4683448609313e-05	3.65869244401508
MRPS28	0.639781780952379	5.58199615789474	4.78005603620005	4.5431120024648e-06	2.55751320802729e-05	3.62085031558316
HP	0.510781968253968	6.88196378947368	4.76816878464349	4.77821094771702e-06	2.68143966779755e-05	3.57256218486001
ADAMTS5	0.5376601968254	5.12287065413534	4.75265922611639	5.10272169156909e-06	2.84194193456764e-05	3.50968741296133
RPS25	0.580452688888899	11.5734339548872	4.72234818796523	5.79963215520993e-06	3.20166230900019e-05	3.38722784325374
CHMP5	0.62018671904762	6.79594372932331	4.70084054769339	6.34910925789891e-06	3.4713996935998e-05	3.3006730510312
CSTA	1.10580377936508	8.85865205263158	4.69360494475476	6.5450404592838e-06	3.56764412176773e-05	3.27161764512137
RB1CC1	0.688899111111112	6.92986565413534	4.68487397609386	6.78925881223421e-06	3.69114469566356e-05	3.23660000924893
PDGFD	0.517127346031748	6.42712682706767	4.67884468559722	6.96302757285437e-06	3.77906877094189e-05	3.21244532644121
MOSPD1	0.5195122968254	6.33412455639098	4.67151325826058	7.18012497411268e-06	3.89184484557952e-05	3.18310400697495
P2RY14	0.69058462222222	6.73309665413534	4.66670846203068	7.32593926303971e-06	3.96403130110488e-05	3.16389248154167
ANPEP	-0.506441234920633	10.2748154736842	-4.6540873678935	7.72272930362153e-06	4.15722039046945e-05	3.11349581437088
EPB42	0.655693650793649	12.0030919849624	4.65338249514373	7.74549157927508e-06	4.16768560620685e-05	3.11068411210344
RCN2	0.520664947619047	6.37523727819549	4.64476395262467	8.0291062813796e-06	4.29817515438358e-05	3.07632993785526
NSA2	0.569752620634928	9.61173887969925	4.63893091625585	8.22672532566588e-06	4.38712067090759e-05	3.05310500981112
SELENBP1	0.653927658730167	11.8323994360902	4.63399477347536	8.39762331373707e-06	4.46401523509641e-05	3.0334675904757
LAIR2	0.736197042857147	7.36758569924812	4.61679084540012	9.02048294575182e-06	4.74587085967689e-05	2.96514321523063
PEX2	0.658382225396826	6.84637327819549	4.60943980847197	9.30002696737337e-06	4.88426296027011e-05	2.93600498560098
PSMA4	0.726482907936507	8.0866954887218	4.60261781053792	9.5669268123888e-06	5.01863702516115e-05	2.90899382203802
ASF1A	0.50747867301587	6.88549259398496	4.59190708210802	1.00009544472582e-05	5.22665457743424e-05	2.86664399349519
ERGIC2	0.553957084126982	8.16657366165414	4.58160917062144	1.04361473359401e-05	5.43598077091639e-05	2.82599390176199
IFIT5	0.639706804761905	7.6190007443609	4.55082899504471	1.18487026272036e-05	6.11589965307076e-05	2.70488760919335
SRP14	0.504326165079361	10.2049834586466	4.53243385306152	1.2779162079438e-05	6.54501737848115e-05	2.6327951566267
TRIM23	0.515801211111112	5.96276835338346	4.4961945746299	1.48226768565991e-05	7.51798501198889e-05	2.49139540182339
GZMH	0.84157478571429	9.97627352631579	4.49022660268098	1.51881039486153e-05	7.67258644392835e-05	2.46818927423269
KRT1	0.914963066666667	10.2151266992481	4.4584121831459	1.72874622443198e-05	8.62763367302986e-05	2.34486394800319
CYCS	0.521851717460315	8.91493433834586	4.45474186880893	1.75469258463079e-05	8.74419481808863e-05	2.33067799382875
NOP10	0.538784084126986	10.2596430150376	4.45137904263983	1.77879427910917e-05	8.85876617225948e-05	2.31768807866677
EIF2S3	-0.728903906349208	7.04616571428571	-4.44876872228875	1.79772223584124e-05	8.94441658022835e-05	2.30760994190618
MMP9	-0.753214804761907	10.7995910601504	-4.44400914276727	1.83273547212034e-05	9.10418238486382e-05	2.28924502996897
NUCB2	0.561259661904759	5.82629506015038	4.41992068695373	2.02025421749922e-05	9.902402312961e-05	2.19652285542385
RP3-507I15.1	0.621366707936509	7.92281431578947	4.40603347648352	2.1366165916503e-05	0.000104320097245245	2.14323778991273
KLRB1	0.729896988888889	8.91480413533835	4.39662737586564	2.21906764250859e-05	0.000108009545299449	2.10721757663258
ST8SIA4	-0.568283287301584	7.16750369172932	-4.39183373701445	2.2622567355811e-05	0.0001098985579484	2.08888262797675
FAM46C	0.571073307936509	8.16414239097744	4.38699994969042	2.30662607802589e-05	0.000111857694687401	2.07040921968425
TFEC	0.740920711111113	5.57041272932331	4.36840024729692	2.48529119789237e-05	0.000119667820226989	1.99946796556249
PSMD10	0.552835706349208	7.79370809774436	4.36728099827144	2.49645676729979e-05	0.000119972078678927	1.99520621684827
MDH1	0.536081747619058	9.39881366917293	4.34257294741178	2.75559353816007e-05	0.000131272542584786	1.90133411258961
DCUN1D1	0.631173488888888	7.2045252556391	4.33541870239398	2.835332181237e-05	0.000134740819714196	1.8742279323622
HDC	-0.500944709523809	6.69462627067669	-4.33337181576762	2.8585511229202e-05	0.000135764948866021	1.86647881449607
ASAP1-IT1	0.505499420634924	7.51401712030075	4.31833373106956	3.03482826921952e-05	0.000143005587924393	1.80963191939659
SUB1	0.741902792063493	6.98941723308271	4.31132214546482	3.12054557336822e-05	0.000146653954511702	1.78317761791945
CASP3	0.587315552380955	6.7929944962406	4.29695989236206	3.30344539099284e-05	0.000154209943326555	1.72909090033289
GPR65	0.755082476190477	7.92226721052632	4.28383835910441	3.47951170060941e-05	0.000161826956335237	1.67979577478695
PRKACB	0.686701374603174	8.40360617293233	4.28260651876449	3.49649577195955e-05	0.000162316052336472	1.67517383644827
SIAH2	0.576356128571424	9.84129233082707	4.28062337389199	3.5240058604449e-05	0.000163532638819758	1.66773507168412
CAPZA2	0.699644953968255	8.1363435037594	4.26002218223476	3.82235512810564e-05	0.000175881599367325	1.5906145432136
KLF1	0.636114601587307	9.35082414285714	4.2589055307807	3.83920079492261e-05	0.000176527268503807	1.58644242121582
KLRC3	0.564073452380953	5.4976182406015	4.24594993805226	4.03993045446973e-05	0.000185078668647996	1.53809743705012
ANKRD46	0.576382787301588	5.97666706015038	4.20541977607036	4.73500187753657e-05	0.000213999442043919	1.38758001237108
FHL2	0.519554971428574	7.00673027067669	4.19364572262548	4.95752725239232e-05	0.000222884457051304	1.34406123090825
YOD1	0.745185261904759	5.48770957894737	4.16839715268395	5.46899451823896e-05	0.000243178395516876	1.25105371923417
NDUFB3	0.565792728571431	7.63457607518797	4.16122526228137	5.62326015696375e-05	0.000249419117884698	1.22471343560104
HAT1	0.807717233333334	6.317639	4.12830414028444	6.38645992834281e-05	0.000278835418165781	1.10425177691673
CD2AP	0.598168188888891	6.27303418796992	4.12043683889565	6.58300865291283e-05	0.000285915808028796	1.07557380536145
ACTR6	0.608216688888888	5.47575458646617	4.10092817557553	7.09567807876641e-05	0.000306388742368757	1.00464313742815
DBI	0.699570939682542	7.77893283458647	4.09044846714946	7.38662369288228e-05	0.000317966909428085	0.966648088866092
CTNNAL1	0.582453582539683	6.34082569172932	4.05368931080706	8.50001187621632e-05	0.000360453359319913	0.833971938414176
MARCH1	0.719666506349206	7.52096735338346	4.04301983082708	8.85210433079011e-05	0.000373449729190244	0.79563684280057
TMOD1	0.605541236507936	9.06033169172932	4.01044826947766	0.00010015206321102	0.000417621321465724	0.67909668074666
HSP90AA1	0.644418882539684	9.65911157894737	3.99188193542412	0.000107420347368613	0.000444268463672166	0.612997290291414
CEBPZ	0.532519682539678	6.48791512030075	3.98027309602466	0.0001122177746409	0.000462129516309159	0.571790167463562
DNAJA1	0.510185638095241	8.78909551879699	3.94444545982847	0.000128345914002676	0.000522375779729348	0.445211212110219
RPL36AL	0.585604039682542	10.513080112782	3.93798576227575	0.000131479572848008	0.000533744962826529	0.422485214186749
TRIM58	0.631895673015878	9.3092145112782	3.9287557894366	0.000136083866216393	0.00055047722542982	0.390064151199097
TMCC2	0.507310560317464	8.27020681203008	3.9045500924283	0.000148899445714398	0.000597884878343764	0.305325824099121
ARG1	0.688365201587301	6.49899988721805	3.89551614625884	0.000153970566155085	0.000616275171966192	0.273806613008284
ZNF12	0.531768904761901	7.8566857518797	3.88523946405593	0.000159939089975221	0.00063731484612639	0.238022061688937
ALAS2	0.518898204761907	13.2712591278195	3.88515510470182	0.000159988983527106	0.00063731484612639	0.237728624036767
NUPL1	0.500122853968257	6.25028187218045	3.87169646223634	0.000168141458175641	0.000664836007021574	0.190978695932372
KLRF1	0.600109306349204	7.78256679699248	3.86246317484444	0.000173961356480429	0.000685143471787956	0.15898070917688
MCTP1	0.697588022222223	7.36052322556391	3.84130704207112	0.000188027127660298	0.000735692047982982	0.0858940166043478
IFIT1	0.866834665079366	8.08226940601504	3.83553534587859	0.000192048241394667	0.000749788840392122	0.0660106223126951
KAT2B	0.540893468253973	8.71337780451128	3.83435426014065	0.000192881109373125	0.000752572189183451	0.061944750063784
VBP1	0.510532784126985	8.16016533834586	3.8274915658575	0.000197788804692879	0.000770283650306096	0.0383398461192686
TMEM126B	0.544703774603179	7.48944616541353	3.80848800253188	0.00021200537815925	0.000819873669955189	-0.026847894549225
TAF7	0.542646568253971	9.11053377443609	3.79802330778909	0.000220242968186891	0.000846215581379555	-0.0626336539615098
NDUFA1	0.57284094126984	8.29455196240601	3.78637504063448	0.000229769342393675	0.000879544145319047	-0.102373753583002
GMPR	0.544624557142852	11.0669256466165	3.77604039945169	0.000238547576038131	0.00091036952071973	-0.137549940391537
CCNG2	-0.608098387301586	7.73965594736842	-3.77019003777736	0.000243656948543599	0.000927330115354893	-0.157428578555272
WLS	-0.542918514285708	8.46579512781955	-3.74796332128461	0.000264030713295868	0.000995969177674589	-0.232724812037
ANXA3	0.728807011111114	7.34640881203008	3.74244743756002	0.00026933133969231	0.00101488578091865	-0.251354961757034
SRP9	0.599886961904764	9.31827921804511	3.74236084655551	0.000269415350106872	0.00101489757224288	-0.251647249957556
NOC3L	0.544860300000002	6.50368172180451	3.74201173362986	0.000269754310748393	0.00101586947517132	-0.252825626226865
ZNF267	0.659177687301586	6.10850860902256	3.74119293652956	0.000270550883421372	0.00101825809393263	-0.255588999418013
GMFB	0.523430109523811	6.72407486466165	3.6589547661923	0.000362959073117409	0.00133130968999627	-0.530633210771124
MYBL1	0.64679782380953	7.71066466917293	3.63125819473433	0.000400297185516828	0.00145297341158957	-0.622141468814508
PDZK1IP1	0.508301446031748	11.5293343308271	3.56925925419777	0.000497442518743079	0.00176474660027938	-0.82491410024305
MXRA7	0.534812952380955	8.74685940601504	3.5651019287038	0.000504694880939567	0.00178643480000838	-0.838408127889144
ISG15	0.519063353968257	10.0247378421053	3.56088955906259	0.000512144850881488	0.00180923242929643	-0.852067587206215
SAMSN1	0.559658742857145	7.83796166165413	3.48499803188822	0.000665468631101723	0.00228587472846001	-1.09586933241299
TMX1	0.547363112698411	6.85184143609023	3.43147470123464	0.000798520729784621	0.00269061173934947	-1.26518363765639
CD46	-0.501338576190475	9.54668121052632	-3.378538981071	0.000954358094384941	0.00315887242636303	-1.43047968466611
RSAD2	0.682622366666669	7.45768326315789	3.37440957288625	0.000967642261232497	0.00319357577431493	-1.44328329304867
PSMC6	0.648699012698412	6.95830754887218	3.32343100235913	0.00114655325793082	0.0037242946623132	-1.60025864798374
RPS23	0.607787495238096	12.9933670601504	3.22865043628389	0.00156397243059462	0.00491355184253915	-1.8867190968825
BIRC2	0.537792644444444	9.12526503007519	3.18129769790034	0.00182195158124262	0.00562822462861458	-2.02718435304364
C4BPA	0.514333712698418	6.4338222556391	3.159131027158	0.00195583986244125	0.00599459662772663	-2.09232680342483
IFI44L	0.652976673015875	8.11641220300752	3.08941940133983	0.0024387525779325	0.00727913114840557	-2.2946325106288
PF4V1	0.58551782380952	7.30767303759399	3.0743933846434	0.00255635680152988	0.00758863618301324	-2.33772716876874
LAMTOR3	0.558869649206355	7.68803614285714	3.05547908434909	0.00271184779650699	0.00798877588550711	-2.39171437151691
JMJD1C	-0.534151926984118	7.8701522481203	-2.84259960538083	0.00517516392257146	0.0141077464480614	-2.97920313741277
ERAP2	0.567014831746034	8.26855311278196	2.61030830648143	0.0100749599203234	0.0251533221409108	-3.57721612206797
MYOM2	0.607305217460314	7.88109457894737	2.58166790949594	0.0109062253534296	0.0269074549223032	-3.64777613556447
KDM5D	-0.89399119047619	7.13385622556391	-2.43920034631958	0.0160272510027077	0.037513125635365	-3.98825583734054
